Row14058
  Mrv1808 09301915412D          

 42 45  0  0  1  0            999 V2000
   -5.2612   -4.8473    0.0000 Na  0  3  0  0  0  0  0  0  0  0  0  0
    1.4289   -3.3000    0.0000 C   0  0  0  0  0  0  0  0  0  0  0  0
    1.4289   -4.1250    0.0000 C   0  0  0  0  0  0  0  0  0  0  0  0
    0.6039   -4.1250    0.0000 C   0  0  0  0  0  0  0  0  0  0  0  0
    2.2539   -4.1250    0.0000 O   0  0  0  0  0  0  0  0  0  0  0  0
    1.4289   -4.9500    0.0000 C   0  0  0  0  0  0  0  0  0  0  0  0
    2.1434   -5.3625    0.0000 C   0  0  0  0  0  0  0  0  0  0  0  0
    2.1434   -6.1875    0.0000 C   0  0  0  0  0  0  0  0  0  0  0  0
    1.4289   -6.6000    0.0000 C   0  0  0  0  0  0  0  0  0  0  0  0
    0.7145   -6.1875    0.0000 C   0  0  0  0  0  0  0  0  0  0  0  0
    0.7145   -5.3625    0.0000 C   0  0  0  0  0  0  0  0  0  0  0  0
    0.0000   -4.9500    0.0000 C   0  0  0  0  0  0  0  0  0  0  0  0
   -0.7145   -5.3625    0.0000 C   0  0  0  0  0  0  0  0  0  0  0  0
   -1.4289   -4.9500    0.0000 C   0  0  1  0  0  0  0  0  0  0  0  0
   -2.1434   -5.3625    0.0000 S   0  0  0  0  0  0  0  0  0  0  0  0
   -2.1434   -6.1875    0.0000 C   0  0  0  0  0  0  0  0  0  0  0  0
   -2.8579   -6.6000    0.0000 C   0  0  0  0  0  0  0  0  0  0  0  0
   -3.3882   -5.9680    0.0000 C   0  0  0  0  0  0  0  0  0  0  0  0
   -4.2007   -6.1113    0.0000 C   0  0  0  0  0  0  0  0  0  0  0  0
   -4.4828   -6.8865    0.0000 O   0  0  0  0  0  0  0  0  0  0  0  0
   -4.7309   -5.4793    0.0000 O   0  5  0  0  0  0  0  0  0  0  0  0
   -2.5757   -7.3752    0.0000 C   0  0  0  0  0  0  0  0  0  0  0  0
   -3.3882   -7.2320    0.0000 C   0  0  0  0  0  0  0  0  0  0  0  0
   -1.4289   -4.1250    0.0000 C   0  0  0  0  0  0  0  0  0  0  0  0
   -2.1434   -3.7125    0.0000 C   0  0  0  0  0  0  0  0  0  0  0  0
   -2.1434   -2.8875    0.0000 C   0  0  0  0  0  0  0  0  0  0  0  0
   -1.4289   -2.4750    0.0000 C   0  0  0  0  0  0  0  0  0  0  0  0
   -0.7145   -2.8875    0.0000 C   0  0  0  0  0  0  0  0  0  0  0  0
    0.0000   -2.4750    0.0000 C   0  0  0  0  0  0  0  0  0  0  0  0
    0.0000   -1.6500    0.0000 C   0  0  0  0  0  0  0  0  0  0  0  0
    0.7145   -1.2375    0.0000 C   0  0  0  0  0  0  0  0  0  0  0  0
    0.7145   -0.4125    0.0000 C   0  0  0  0  0  0  0  0  0  0  0  0
    1.4289    0.0000    0.0000 C   0  0  0  0  0  0  0  0  0  0  0  0
    2.1434   -0.4125    0.0000 C   0  0  0  0  0  0  0  0  0  0  0  0
    2.8579    0.0000    0.0000 C   0  0  0  0  0  0  0  0  0  0  0  0
    3.5724   -0.4125    0.0000 C   0  0  0  0  0  0  0  0  0  0  0  0
    3.5724   -1.2375    0.0000 C   0  0  0  0  0  0  0  0  0  0  0  0
    4.2868   -1.6500    0.0000 Cl  0  0  0  0  0  0  0  0  0  0  0  0
    2.8579   -1.6500    0.0000 C   0  0  0  0  0  0  0  0  0  0  0  0
    2.1434   -1.2375    0.0000 C   0  0  0  0  0  0  0  0  0  0  0  0
    1.4289   -1.6500    0.0000 N   0  0  0  0  0  0  0  0  0  0  0  0
   -0.7145   -3.7125    0.0000 C   0  0  0  0  0  0  0  0  0  0  0  0
  2  3  1  0  0  0  0
  3  4  1  0  0  0  0
  3  5  1  0  0  0  0
  3  6  1  0  0  0  0
  6  7  1  0  0  0  0
  7  8  2  0  0  0  0
  8  9  1  0  0  0  0
  9 10  2  0  0  0  0
 10 11  1  0  0  0  0
  6 11  2  0  0  0  0
 11 12  1  0  0  0  0
 12 13  1  0  0  0  0
 14 13  1  0  0  0  0
 14 15  1  1  0  0  0
 15 16  1  0  0  0  0
 16 17  1  0  0  0  0
 17 18  1  0  0  0  0
 18 19  1  0  0  0  0
 19 20  2  0  0  0  0
 19 21  1  0  0  0  0
 17 22  1  0  0  0  0
 22 23  1  0  0  0  0
 17 23  1  0  0  0  0
 14 24  1  0  0  0  0
 24 25  1  0  0  0  0
 25 26  2  0  0  0  0
 26 27  1  0  0  0  0
 27 28  2  0  0  0  0
 28 29  1  0  0  0  0
 29 30  2  0  0  0  0
 30 31  1  0  0  0  0
 31 32  1  0  0  0  0
 32 33  2  0  0  0  0
 33 34  1  0  0  0  0
 34 35  1  0  0  0  0
 35 36  2  0  0  0  0
 36 37  1  0  0  0  0
 37 38  1  0  0  0  0
 37 39  2  0  0  0  0
 39 40  1  0  0  0  0
 34 40  2  0  0  0  0
 40 41  1  0  0  0  0
 31 41  2  0  0  0  0
 28 42  1  0  0  0  0
 24 42  2  0  0  0  0
M  CHG  2   1   1  21  -1
M  END
>  <Mol Weight>
608.17

>  <ID>
EN300-1608156

>  <NAME>
sodium 2-[1-({[(1R)-1-{3-[(E)-2-(7-chloroquinolin-2-yl)ethenyl]phenyl}-3-[2-(2-hydroxypropan-2-yl)phenyl]propyl]sulfanyl}methyl)cyclopropyl]acetate

>  <URL>
https://www.enaminestore.com/catalog/EN300-1608156

>  <Availability>
in stock

>  <Class>
Alcohols

>  <Subclass>
aliphatic_alcohols

> <Molecule name>


> <availability>
available

> <source>
enamine

> <id>


$$$$
