Row3262
  Mrv1808 09301915412D          

 41 45  0  0  0  0            999 V2000
    3.4656   -2.9491    0.0000 C   0  0  0  0  0  0  0  0  0  0  0  0
    2.7512   -2.5366    0.0000 C   0  0  0  0  0  0  0  0  0  0  0  0
    2.0367   -2.9491    0.0000 C   0  0  0  0  0  0  0  0  0  0  0  0
    2.0367   -3.7741    0.0000 C   0  0  0  0  0  0  0  0  0  0  0  0
    2.7041   -4.2590    0.0000 N   0  0  0  0  0  0  0  0  0  0  0  0
    2.4492   -5.0437    0.0000 C   0  0  0  0  0  0  0  0  0  0  0  0
    1.6242   -5.0437    0.0000 C   0  0  0  0  0  0  0  0  0  0  0  0
    1.1393   -5.7111    0.0000 C   0  0  0  0  0  0  0  0  0  0  0  0
    0.3188   -5.6249    0.0000 O   0  0  0  0  0  0  0  0  0  0  0  0
    1.4748   -6.4648    0.0000 O   0  0  0  0  0  0  0  0  0  0  0  0
    0.9899   -7.1322    0.0000 C   0  0  0  0  0  0  0  0  0  0  0  0
    1.3255   -7.8859    0.0000 C   0  0  0  0  0  0  0  0  0  0  0  0
    2.1324   -8.0574    0.0000 O   0  0  0  0  0  0  0  0  0  0  0  0
    2.2187   -8.8779    0.0000 C   0  0  0  0  0  0  0  0  0  0  0  0
    2.9332   -9.2904    0.0000 O   0  0  0  0  0  0  0  0  0  0  0  0
    1.4650   -9.2134    0.0000 O   0  0  0  0  0  0  0  0  0  0  0  0
    0.9130   -8.6004    0.0000 C   0  0  0  0  0  0  0  0  0  0  0  0
    0.0925   -8.6866    0.0000 C   0  0  0  0  0  0  0  0  0  0  0  0
    1.3693   -4.2590    0.0000 N   0  0  0  0  0  0  0  0  0  0  0  0
    0.5846   -4.0041    0.0000 C   0  0  0  0  0  0  0  0  0  0  0  0
    0.4131   -3.1971    0.0000 C   0  0  0  0  0  0  0  0  0  0  0  0
   -0.3715   -2.9422    0.0000 C   0  0  0  0  0  0  0  0  0  0  0  0
   -0.5430   -2.1352    0.0000 C   0  0  0  0  0  0  0  0  0  0  0  0
    0.0701   -1.5832    0.0000 C   0  0  0  0  0  0  0  0  0  0  0  0
    0.8547   -1.8381    0.0000 C   0  0  0  0  0  0  0  0  0  0  0  0
    1.0262   -2.6451    0.0000 C   0  0  0  0  0  0  0  0  0  0  0  0
   -0.1015   -0.7762    0.0000 C   0  0  0  0  0  0  0  0  0  0  0  0
   -0.8861   -0.5213    0.0000 C   0  0  0  0  0  0  0  0  0  0  0  0
   -1.0576    0.2857    0.0000 C   0  0  0  0  0  0  0  0  0  0  0  0
   -0.4445    0.8377    0.0000 C   0  0  0  0  0  0  0  0  0  0  0  0
    0.3401    0.5828    0.0000 C   0  0  0  0  0  0  0  0  0  0  0  0
    0.5116   -0.2242    0.0000 C   0  0  0  0  0  0  0  0  0  0  0  0
    1.2963   -0.4791    0.0000 C   0  0  0  0  0  0  0  0  0  0  0  0
    1.9637    0.0058    0.0000 N   0  0  0  0  0  0  0  0  0  0  0  0
    2.6311   -0.4791    0.0000 N   0  0  0  0  0  0  0  0  0  0  0  0
    2.3762   -1.2637    0.0000 N   0  0  0  0  0  0  0  0  0  0  0  0
    1.5512   -1.2637    0.0000 N   0  0  0  0  0  0  0  0  0  0  0  0
    2.9341   -5.7111    0.0000 C   0  0  0  0  0  0  0  0  0  0  0  0
    3.4191   -6.3785    0.0000 C   0  0  0  0  0  0  0  0  0  0  0  0
    2.2667   -6.1960    0.0000 C   0  0  0  0  0  0  0  0  0  0  0  0
    3.6016   -5.2262    0.0000 O   0  0  0  0  0  0  0  0  0  0  0  0
  1  2  1  0  0  0  0
  2  3  1  0  0  0  0
  3  4  1  0  0  0  0
  4  5  2  0  0  0  0
  5  6  1  0  0  0  0
  6  7  2  0  0  0  0
  7  8  1  0  0  0  0
  8  9  2  0  0  0  0
  8 10  1  0  0  0  0
 10 11  1  0  0  0  0
 11 12  1  0  0  0  0
 12 13  1  0  0  0  0
 13 14  1  0  0  0  0
 14 15  2  0  0  0  0
 14 16  1  0  0  0  0
 16 17  1  0  0  0  0
 12 17  2  0  0  0  0
 17 18  1  0  0  0  0
  7 19  1  0  0  0  0
  4 19  1  0  0  0  0
 19 20  1  0  0  0  0
 20 21  1  0  0  0  0
 21 22  1  0  0  0  0
 22 23  2  0  0  0  0
 23 24  1  0  0  0  0
 24 25  2  0  0  0  0
 25 26  1  0  0  0  0
 21 26  2  0  0  0  0
 24 27  1  0  0  0  0
 27 28  1  0  0  0  0
 28 29  2  0  0  0  0
 29 30  1  0  0  0  0
 30 31  2  0  0  0  0
 31 32  1  0  0  0  0
 27 32  2  0  0  0  0
 32 33  1  0  0  0  0
 33 34  2  0  0  0  0
 34 35  1  0  0  0  0
 35 36  2  0  0  0  0
 36 37  1  0  0  0  0
 33 37  1  0  0  0  0
  6 38  1  0  0  0  0
 38 39  1  0  0  0  0
 38 40  1  0  0  0  0
 38 41  1  0  0  0  0
M  END
>  <Mol Weight>
558.595

>  <ID>
EN300-122375

>  <NAME>
(5-methyl-2-oxo-2H-1,3-dioxol-4-yl)methyl 4-(2-hydroxypropan-2-yl)-2-propyl-1-({4-[2-(1H-1,2,3,4-tetrazol-5-yl)phenyl]phenyl}methyl)-1H-imidazole-5-carboxylate

>  <URL>
https://www.enaminestore.com/catalog/EN300-122375

>  <Availability>
in stock

>  <Class>
Alcohols

>  <Subclass>
aliphatic_alcohols

> <Molecule name>


> <availability>
available

> <source>
enamine

> <id>


$$$$
