Row15392
  Mrv1808 09301915412D          

 39 43  0  0  1  0            999 V2000
   -0.1712   -2.1269    0.0000 C   0  0  0  0  0  0  0  0  0  0  0  0
   -0.5837   -1.4124    0.0000 C   0  0  0  0  0  0  0  0  0  0  0  0
   -1.4087   -1.4124    0.0000 C   0  0  0  0  0  0  0  0  0  0  0  0
   -0.1712   -0.6979    0.0000 C   0  0  2  0  0  0  0  0  0  0  0  0
    0.6538   -0.6979    0.0000 N   0  0  0  0  0  0  0  0  0  0  0  0
    1.1387   -0.0305    0.0000 C   0  0  0  0  0  0  0  0  0  0  0  0
    1.9233   -0.2854    0.0000 C   0  0  0  0  0  0  0  0  0  0  0  0
    2.6378    0.1271    0.0000 C   0  0  0  0  0  0  0  0  0  0  0  0
    3.3523   -0.2854    0.0000 C   0  0  0  0  0  0  0  0  0  0  0  0
    3.3523   -1.1104    0.0000 C   0  0  0  0  0  0  0  0  0  0  0  0
    2.6378   -1.5229    0.0000 C   0  0  0  0  0  0  0  0  0  0  0  0
    1.9233   -1.1104    0.0000 C   0  0  0  0  0  0  0  0  0  0  0  0
    1.1387   -1.3654    0.0000 C   0  0  0  0  0  0  0  0  0  0  0  0
    0.8838   -2.1500    0.0000 O   0  0  0  0  0  0  0  0  0  0  0  0
   -0.5837    0.0165    0.0000 C   0  0  0  0  0  0  0  0  0  0  0  0
   -0.1712    0.7310    0.0000 O   0  0  0  0  0  0  0  0  0  0  0  0
   -1.4087    0.0165    0.0000 N   0  0  0  0  0  0  0  0  0  0  0  0
   -1.8936   -0.6509    0.0000 C   0  0  0  0  0  0  0  0  0  0  0  0
   -2.6782   -0.3960    0.0000 C   0  0  2  0  0  0  0  0  0  0  0  0
   -3.3457   -0.8809    0.0000 O   0  0  0  0  0  0  0  0  0  0  0  0
   -2.6782    0.4290    0.0000 C   0  0  0  0  0  0  0  0  0  0  0  0
   -1.8936    0.6840    0.0000 C   0  0  1  0  0  0  0  0  0  0  0  0
   -1.6387    1.4686    0.0000 C   0  0  0  0  0  0  0  0  0  0  0  0
   -2.1907    2.0817    0.0000 O   0  0  0  0  0  0  0  0  0  0  0  0
   -0.8317    1.6401    0.0000 N   0  0  0  0  0  0  0  0  0  0  0  0
   -0.5768    2.4247    0.0000 C   0  0  0  0  0  0  0  0  0  0  0  0
   -1.1288    3.0378    0.0000 C   0  0  0  0  0  0  0  0  0  0  0  0
   -1.9358    2.8663    0.0000 C   0  0  0  0  0  0  0  0  0  0  0  0
   -2.4878    3.4794    0.0000 C   0  0  0  0  0  0  0  0  0  0  0  0
   -2.2329    4.2640    0.0000 C   0  0  0  0  0  0  0  0  0  0  0  0
   -1.4259    4.4355    0.0000 C   0  0  0  0  0  0  0  0  0  0  0  0
   -0.8739    3.8225    0.0000 C   0  0  0  0  0  0  0  0  0  0  0  0
   -0.0669    3.9940    0.0000 O   0  0  0  0  0  0  0  0  0  0  0  0
   -2.7849    4.8771    0.0000 C   0  0  0  0  0  0  0  0  0  0  0  0
   -3.6054    4.7909    0.0000 S   0  0  0  0  0  0  0  0  0  0  0  0
   -3.9409    5.5446    0.0000 C   0  0  0  0  0  0  0  0  0  0  0  0
   -3.3278    6.0966    0.0000 N   0  0  0  0  0  0  0  0  0  0  0  0
   -2.6134    5.6841    0.0000 C   0  0  0  0  0  0  0  0  0  0  0  0
   -1.8597    6.0196    0.0000 C   0  0  0  0  0  0  0  0  0  0  0  0
  1  2  1  0  0  0  0
  2  3  1  0  0  0  0
  4  2  1  0  0  0  0
  4  5  1  0  0  0  0
  5  6  1  0  0  0  0
  6  7  1  0  0  0  0
  7  8  1  0  0  0  0
  8  9  2  0  0  0  0
  9 10  1  0  0  0  0
 10 11  2  0  0  0  0
 11 12  1  0  0  0  0
  7 12  2  0  0  0  0
 12 13  1  0  0  0  0
  5 13  1  0  0  0  0
 13 14  2  0  0  0  0
  4 15  1  1  0  0  0
 15 16  2  0  0  0  0
 15 17  1  0  0  0  0
 17 18  1  0  0  0  0
 19 18  1  0  0  0  0
 19 20  1  6  0  0  0
 19 21  1  0  0  0  0
 22 21  1  0  0  0  0
 22 17  1  0  0  0  0
 22 23  1  1  0  0  0
 23 24  2  0  0  0  0
 23 25  1  0  0  0  0
 25 26  1  0  0  0  0
 26 27  1  0  0  0  0
 27 28  1  0  0  0  0
 28 29  2  0  0  0  0
 29 30  1  0  0  0  0
 30 31  2  0  0  0  0
 31 32  1  0  0  0  0
 27 32  2  0  0  0  0
 32 33  1  0  0  0  0
 30 34  1  0  0  0  0
 34 35  1  0  0  0  0
 35 36  1  0  0  0  0
 36 37  2  0  0  0  0
 37 38  1  0  0  0  0
 34 38  2  0  0  0  0
 38 39  1  0  0  0  0
M  END
>  <Mol Weight>
548.66

>  <ID>
EN300-6729776

>  <NAME>
(2S,4R)-4-hydroxy-N-{[2-hydroxy-4-(4-methyl-1,3-thiazol-5-yl)phenyl]methyl}-1-[(2S)-3-methyl-2-(1-oxo-2,3-dihydro-1H-isoindol-2-yl)butanoyl]pyrrolidine-2-carboxamide

>  <URL>
https://www.enaminestore.com/catalog/EN300-6729776

>  <Availability>
in stock

>  <Class>
Alcohols

>  <Subclass>
Phenols

> <Molecule name>


> <availability>
available

> <source>
enamine

> <id>


$$$$
