Row14687
  Mrv1808 09301915412D          

 55 59  0  0  1  0            999 V2000
    2.8579   -7.4250    0.0000 C   0  0  0  0  0  0  0  0  0  0  0  0
    2.8579   -6.6000    0.0000 N   0  0  0  0  0  0  0  0  0  0  0  0
    2.1434   -6.1875    0.0000 C   0  0  0  0  0  0  0  0  0  0  0  0
    1.4289   -6.6000    0.0000 C   0  0  0  0  0  0  0  0  0  0  0  0
    1.3427   -7.4205    0.0000 C   0  0  0  0  0  0  0  0  0  0  0  0
    0.5357   -7.5920    0.0000 S   0  0  0  0  0  0  0  0  0  0  0  0
    0.1232   -6.8775    0.0000 C   0  0  0  0  0  0  0  0  0  0  0  0
    0.6753   -6.2644    0.0000 N   0  0  0  0  0  0  0  0  0  0  0  0
   -0.6972   -6.7913    0.0000 C   0  0  0  0  0  0  0  0  0  0  0  0
   -1.5177   -6.7051    0.0000 C   0  0  0  0  0  0  0  0  0  0  0  0
   -0.7835   -7.6118    0.0000 C   0  0  0  0  0  0  0  0  0  0  0  0
   -0.6110   -5.9708    0.0000 O   0  0  0  0  0  0  0  0  0  0  0  0
    3.5724   -6.1875    0.0000 C   0  0  0  0  0  0  0  0  0  0  0  0
    3.5724   -5.3625    0.0000 O   0  0  0  0  0  0  0  0  0  0  0  0
    4.2868   -6.6000    0.0000 N   0  0  0  0  0  0  0  0  0  0  0  0
    5.0013   -6.1875    0.0000 C   0  0  1  0  0  0  0  0  0  0  0  0
    5.0013   -5.3625    0.0000 C   0  0  0  0  0  0  0  0  0  0  0  0
    5.7158   -4.9500    0.0000 C   0  0  0  0  0  0  0  0  0  0  0  0
    5.7158   -4.1250    0.0000 N   0  0  0  0  0  0  0  0  0  0  0  0
    5.0013   -3.7125    0.0000 C   0  0  0  0  0  0  0  0  0  0  0  0
    5.0013   -2.8875    0.0000 C   0  0  0  0  0  0  0  0  0  0  0  0
    5.7158   -2.4750    0.0000 O   0  0  0  0  0  0  0  0  0  0  0  0
    6.4302   -2.8875    0.0000 C   0  0  0  0  0  0  0  0  0  0  0  0
    6.4302   -3.7125    0.0000 C   0  0  0  0  0  0  0  0  0  0  0  0
    5.7158   -6.6000    0.0000 C   0  0  0  0  0  0  0  0  0  0  0  0
    5.7158   -7.4250    0.0000 O   0  0  0  0  0  0  0  0  0  0  0  0
    6.4302   -6.1875    0.0000 N   0  0  0  0  0  0  0  0  0  0  0  0
    7.1447   -6.6000    0.0000 C   0  0  2  0  0  0  0  0  0  0  0  0
    7.8592   -6.1875    0.0000 C   0  0  0  0  0  0  0  0  0  0  0  0
    8.5737   -6.6000    0.0000 C   0  0  0  0  0  0  0  0  0  0  0  0
    9.2881   -6.1875    0.0000 C   0  0  2  0  0  0  0  0  0  0  0  0
    9.2881   -5.3625    0.0000 C   0  0  0  0  0  0  0  0  0  0  0  0
    8.5737   -4.9500    0.0000 C   0  0  0  0  0  0  0  0  0  0  0  0
    7.8592   -5.3625    0.0000 C   0  0  0  0  0  0  0  0  0  0  0  0
    7.1447   -4.9500    0.0000 C   0  0  0  0  0  0  0  0  0  0  0  0
    7.1447   -4.1250    0.0000 C   0  0  0  0  0  0  0  0  0  0  0  0
    7.8592   -3.7125    0.0000 C   0  0  0  0  0  0  0  0  0  0  0  0
    8.5737   -4.1250    0.0000 C   0  0  0  0  0  0  0  0  0  0  0  0
   10.0026   -6.6000    0.0000 N   0  0  0  0  0  0  0  0  0  0  0  0
   10.7171   -6.1875    0.0000 C   0  0  0  0  0  0  0  0  0  0  0  0
   10.7171   -5.3625    0.0000 O   0  0  0  0  0  0  0  0  0  0  0  0
   11.4315   -6.6000    0.0000 O   0  0  0  0  0  0  0  0  0  0  0  0
   12.1460   -6.1875    0.0000 C   0  0  0  0  0  0  0  0  0  0  0  0
   12.8605   -6.6000    0.0000 C   0  0  0  0  0  0  0  0  0  0  0  0
   13.6142   -6.2644    0.0000 C   0  0  0  0  0  0  0  0  0  0  0  0
   14.1662   -6.8775    0.0000 N   0  0  0  0  0  0  0  0  0  0  0  0
   13.7537   -7.5920    0.0000 C   0  0  0  0  0  0  0  0  0  0  0  0
   12.9467   -7.4205    0.0000 S   0  0  0  0  0  0  0  0  0  0  0  0
    7.1447   -7.4250    0.0000 C   0  0  0  0  0  0  0  0  0  0  0  0
    7.8592   -7.8375    0.0000 C   0  0  0  0  0  0  0  0  0  0  0  0
    8.5737   -7.4250    0.0000 C   0  0  0  0  0  0  0  0  0  0  0  0
    9.2881   -7.8375    0.0000 C   0  0  0  0  0  0  0  0  0  0  0  0
    9.2881   -8.6625    0.0000 C   0  0  0  0  0  0  0  0  0  0  0  0
    8.5737   -9.0750    0.0000 C   0  0  0  0  0  0  0  0  0  0  0  0
    7.8592   -8.6625    0.0000 C   0  0  0  0  0  0  0  0  0  0  0  0
  1  2  1  0  0  0  0
  2  3  1  0  0  0  0
  3  4  1  0  0  0  0
  4  5  2  0  0  0  0
  5  6  1  0  0  0  0
  6  7  1  0  0  0  0
  7  8  2  0  0  0  0
  4  8  1  0  0  0  0
  7  9  1  0  0  0  0
  9 10  1  0  0  0  0
  9 11  1  0  0  0  0
  9 12  1  0  0  0  0
  2 13  1  0  0  0  0
 13 14  2  0  0  0  0
 13 15  1  0  0  0  0
 16 15  1  1  0  0  0
 16 17  1  0  0  0  0
 17 18  1  0  0  0  0
 18 19  1  0  0  0  0
 19 20  1  0  0  0  0
 20 21  1  0  0  0  0
 21 22  1  0  0  0  0
 22 23  1  0  0  0  0
 23 24  1  0  0  0  0
 19 24  1  0  0  0  0
 16 25  1  0  0  0  0
 25 26  2  0  0  0  0
 25 27  1  0  0  0  0
 28 27  1  6  0  0  0
 28 29  1  0  0  0  0
 29 30  1  0  0  0  0
 31 30  1  0  0  0  0
 31 32  1  0  0  0  0
 32 33  1  0  0  0  0
 33 34  1  0  0  0  0
 34 35  2  0  0  0  0
 35 36  1  0  0  0  0
 36 37  2  0  0  0  0
 37 38  1  0  0  0  0
 33 38  2  0  0  0  0
 31 39  1  6  0  0  0
 39 40  1  0  0  0  0
 40 41  2  0  0  0  0
 40 42  1  0  0  0  0
 42 43  1  0  0  0  0
 43 44  1  0  0  0  0
 44 45  2  0  0  0  0
 45 46  1  0  0  0  0
 46 47  2  0  0  0  0
 47 48  1  0  0  0  0
 44 48  1  0  0  0  0
 28 49  1  0  0  0  0
 49 50  1  0  0  0  0
 50 51  1  0  0  0  0
 51 52  2  0  0  0  0
 52 53  1  0  0  0  0
 53 54  2  0  0  0  0
 54 55  1  0  0  0  0
 50 55  2  0  0  0  0
M  END
>  <Mol Weight>
792.03

>  <ID>
EN300-2009860

>  <NAME>
(1,3-thiazol-5-yl)methyl N-[(2R,5R)-5-[(2S)-2-[({[2-(2-hydroxypropan-2-yl)-1,3-thiazol-4-yl]methyl}(methyl)carbamoyl)amino]-4-(morpholin-4-yl)butanamido]-1,6-diphenylhexan-2-yl]carbamate

>  <URL>
https://www.enaminestore.com/catalog/EN300-2009860

>  <Availability>
in stock

>  <Class>
Alcohols

>  <Subclass>
aliphatic_alcohols

> <Molecule name>


> <availability>
available

> <source>
enamine

> <id>


$$$$
