Row11189
  Mrv1808 09301915412D          

 39 42  0  0  0  0            999 V2000
    0.0000   -2.4750    0.0000 C   0  0  0  0  0  0  0  0  0  0  0  0
   -0.7145   -2.8875    0.0000 O   0  0  0  0  0  0  0  0  0  0  0  0
   -0.7145   -3.7125    0.0000 C   0  0  0  0  0  0  0  0  0  0  0  0
    0.0000   -4.1250    0.0000 C   0  0  0  0  0  0  0  0  0  0  0  0
    0.0000   -4.9500    0.0000 C   0  0  0  0  0  0  0  0  0  0  0  0
   -0.7145   -5.3625    0.0000 C   0  0  0  0  0  0  0  0  0  0  0  0
   -1.4289   -4.9500    0.0000 C   0  0  0  0  0  0  0  0  0  0  0  0
   -1.4289   -4.1250    0.0000 C   0  0  0  0  0  0  0  0  0  0  0  0
   -2.1434   -3.7125    0.0000 O   0  0  0  0  0  0  0  0  0  0  0  0
   -2.8579   -4.1250    0.0000 C   0  0  0  0  0  0  0  0  0  0  0  0
   -2.8579   -4.9500    0.0000 C   0  0  0  0  0  0  0  0  0  0  0  0
   -2.1434   -5.3625    0.0000 N   0  0  0  0  0  0  0  0  0  0  0  0
   -2.1434   -6.1875    0.0000 S   0  0  0  0  0  0  0  0  0  0  0  0
   -2.9684   -6.1875    0.0000 O   0  0  0  0  0  0  0  0  0  0  0  0
   -1.3184   -6.1875    0.0000 O   0  0  0  0  0  0  0  0  0  0  0  0
   -2.1434   -7.0125    0.0000 C   0  0  0  0  0  0  0  0  0  0  0  0
   -1.4289   -7.4250    0.0000 C   0  0  0  0  0  0  0  0  0  0  0  0
   -1.4289   -8.2500    0.0000 C   0  0  0  0  0  0  0  0  0  0  0  0
   -2.1434   -8.6625    0.0000 C   0  0  0  0  0  0  0  0  0  0  0  0
   -2.8579   -8.2500    0.0000 C   0  0  0  0  0  0  0  0  0  0  0  0
   -2.8579   -7.4250    0.0000 C   0  0  0  0  0  0  0  0  0  0  0  0
   -2.1434   -9.4875    0.0000 C   0  0  0  0  0  0  0  0  0  0  0  0
   -2.1434  -10.3125    0.0000 C   0  0  0  0  0  0  0  0  0  0  0  0
   -2.9684   -9.4875    0.0000 C   0  0  0  0  0  0  0  0  0  0  0  0
   -1.3184   -9.4875    0.0000 C   0  0  0  0  0  0  0  0  0  0  0  0
   -3.5724   -5.3625    0.0000 N   0  0  0  0  0  0  0  0  0  0  0  0
   -4.2868   -4.9500    0.0000 C   0  0  0  0  0  0  0  0  0  0  0  0
   -4.2868   -4.1250    0.0000 N   0  0  0  0  0  0  0  0  0  0  0  0
   -3.5724   -3.7125    0.0000 C   0  0  0  0  0  0  0  0  0  0  0  0
   -3.5724   -2.8875    0.0000 O   0  0  0  0  0  0  0  0  0  0  0  0
   -2.8579   -2.4750    0.0000 C   0  0  0  0  0  0  0  0  0  0  0  0
   -2.1434   -2.8875    0.0000 C   0  0  0  0  0  0  0  0  0  0  0  0
   -1.4289   -2.4750    0.0000 O   0  0  0  0  0  0  0  0  0  0  0  0
   -5.0013   -5.3625    0.0000 C   0  0  0  0  0  0  0  0  0  0  0  0
   -5.0013   -6.1875    0.0000 N   0  0  0  0  0  0  0  0  0  0  0  0
   -5.7158   -6.6000    0.0000 C   0  0  0  0  0  0  0  0  0  0  0  0
   -6.4302   -6.1875    0.0000 C   0  0  0  0  0  0  0  0  0  0  0  0
   -6.4302   -5.3625    0.0000 C   0  0  0  0  0  0  0  0  0  0  0  0
   -5.7158   -4.9500    0.0000 N   0  0  0  0  0  0  0  0  0  0  0  0
  1  2  1  0  0  0  0
  2  3  1  0  0  0  0
  3  4  1  0  0  0  0
  4  5  2  0  0  0  0
  5  6  1  0  0  0  0
  6  7  2  0  0  0  0
  7  8  1  0  0  0  0
  3  8  2  0  0  0  0
  8  9  1  0  0  0  0
  9 10  1  0  0  0  0
 10 11  1  0  0  0  0
 11 12  1  0  0  0  0
 12 13  1  0  0  0  0
 13 14  2  0  0  0  0
 13 15  2  0  0  0  0
 13 16  1  0  0  0  0
 16 17  1  0  0  0  0
 17 18  2  0  0  0  0
 18 19  1  0  0  0  0
 19 20  2  0  0  0  0
 20 21  1  0  0  0  0
 16 21  2  0  0  0  0
 19 22  1  0  0  0  0
 22 23  1  0  0  0  0
 22 24  1  0  0  0  0
 22 25  1  0  0  0  0
 11 26  2  0  0  0  0
 26 27  1  0  0  0  0
 27 28  2  0  0  0  0
 28 29  1  0  0  0  0
 10 29  2  0  0  0  0
 29 30  1  0  0  0  0
 30 31  1  0  0  0  0
 31 32  1  0  0  0  0
 32 33  1  0  0  0  0
 27 34  1  0  0  0  0
 34 35  1  0  0  0  0
 35 36  2  0  0  0  0
 36 37  1  0  0  0  0
 37 38  2  0  0  0  0
 38 39  1  0  0  0  0
 34 39  2  0  0  0  0
M  END
>  <Mol Weight>
551.62

>  <ID>
EN300-120648

>  <NAME>
4-tert-butyl-N-[6-(2-hydroxyethoxy)-5-(2-methoxyphenoxy)-2-(pyrimidin-2-yl)pyrimidin-4-yl]benzene-1-sulfonamide

>  <URL>
https://www.enaminestore.com/catalog/EN300-120648

>  <Availability>
in stock

>  <Class>
Alcohols

>  <Subclass>
aliphatic_alcohols

> <Molecule name>


> <availability>
available

> <source>
enamine

> <id>


$$$$
