Row3590
  Mrv1808 09301915412D          

 50 53  0  0  1  0            999 V2000
   -4.2868    2.4750    0.0000 C   0  0  0  0  0  0  0  0  0  0  0  0
   -4.2868    1.6500    0.0000 C   0  0  0  0  0  0  0  0  0  0  0  0
   -5.0013    1.2375    0.0000 C   0  0  0  0  0  0  0  0  0  0  0  0
   -3.5724    1.2375    0.0000 C   0  0  2  0  0  0  0  0  0  0  0  0
   -3.5724    0.4125    0.0000 N   0  0  0  0  0  0  0  0  0  0  0  0
   -4.2868   -0.0000    0.0000 C   0  0  0  0  0  0  0  0  0  0  0  0
   -5.0013    0.4125    0.0000 O   0  0  0  0  0  0  0  0  0  0  0  0
   -4.2868   -0.8250    0.0000 N   0  0  0  0  0  0  0  0  0  0  0  0
   -3.5724   -1.2375    0.0000 C   0  0  0  0  0  0  0  0  0  0  0  0
   -5.0013   -1.2375    0.0000 C   0  0  0  0  0  0  0  0  0  0  0  0
   -5.0013   -2.0625    0.0000 C   0  0  0  0  0  0  0  0  0  0  0  0
   -4.3339   -2.5474    0.0000 C   0  0  0  0  0  0  0  0  0  0  0  0
   -4.5888   -3.3320    0.0000 S   0  0  0  0  0  0  0  0  0  0  0  0
   -5.4138   -3.3320    0.0000 C   0  0  0  0  0  0  0  0  0  0  0  0
   -5.6687   -2.5474    0.0000 N   0  0  0  0  0  0  0  0  0  0  0  0
   -5.8987   -3.9995    0.0000 C   0  0  0  0  0  0  0  0  0  0  0  0
   -5.5632   -4.7532    0.0000 C   0  0  0  0  0  0  0  0  0  0  0  0
   -6.7192   -3.9132    0.0000 C   0  0  0  0  0  0  0  0  0  0  0  0
   -2.8579    1.6500    0.0000 C   0  0  0  0  0  0  0  0  0  0  0  0
   -2.1434    1.2375    0.0000 O   0  0  0  0  0  0  0  0  0  0  0  0
   -2.8579    2.4750    0.0000 N   0  0  0  0  0  0  0  0  0  0  0  0
   -2.1434    2.8875    0.0000 C   0  0  2  0  0  0  0  0  0  0  0  0
   -1.4289    2.4750    0.0000 C   0  0  0  0  0  0  0  0  0  0  0  0
   -1.4289    1.6500    0.0000 C   0  0  2  0  0  0  0  0  0  0  0  0
   -1.7645    0.8963    0.0000 O   0  0  0  0  0  0  0  0  0  0  0  0
   -0.7145    1.2375    0.0000 C   0  0  2  0  0  0  0  0  0  0  0  0
    0.0000    1.6500    0.0000 C   0  0  0  0  0  0  0  0  0  0  0  0
    0.0000    2.4750    0.0000 C   0  0  0  0  0  0  0  0  0  0  0  0
   -0.7145    2.8875    0.0000 C   0  0  0  0  0  0  0  0  0  0  0  0
   -0.7145    3.7125    0.0000 C   0  0  0  0  0  0  0  0  0  0  0  0
   -0.0000    4.1250    0.0000 C   0  0  0  0  0  0  0  0  0  0  0  0
    0.7145    3.7125    0.0000 C   0  0  0  0  0  0  0  0  0  0  0  0
    0.7145    2.8875    0.0000 C   0  0  0  0  0  0  0  0  0  0  0  0
   -0.7145    0.4125    0.0000 N   0  0  0  0  0  0  0  0  0  0  0  0
    0.0000   -0.0000    0.0000 C   0  0  0  0  0  0  0  0  0  0  0  0
    0.7145    0.4125    0.0000 O   0  0  0  0  0  0  0  0  0  0  0  0
    0.0000   -0.8250    0.0000 O   0  0  0  0  0  0  0  0  0  0  0  0
    0.7145   -1.2375    0.0000 C   0  0  0  0  0  0  0  0  0  0  0  0
    0.7145   -2.0625    0.0000 C   0  0  0  0  0  0  0  0  0  0  0  0
    0.0470   -2.5474    0.0000 C   0  0  0  0  0  0  0  0  0  0  0  0
    0.3020   -3.3320    0.0000 N   0  0  0  0  0  0  0  0  0  0  0  0
    1.1270   -3.3320    0.0000 C   0  0  0  0  0  0  0  0  0  0  0  0
    1.3819   -2.5474    0.0000 S   0  0  0  0  0  0  0  0  0  0  0  0
   -2.1434    3.7125    0.0000 C   0  0  0  0  0  0  0  0  0  0  0  0
   -2.8579    4.1250    0.0000 C   0  0  0  0  0  0  0  0  0  0  0  0
   -3.5724    3.7125    0.0000 C   0  0  0  0  0  0  0  0  0  0  0  0
   -4.2868    4.1250    0.0000 C   0  0  0  0  0  0  0  0  0  0  0  0
   -4.2868    4.9500    0.0000 C   0  0  0  0  0  0  0  0  0  0  0  0
   -3.5724    5.3625    0.0000 C   0  0  0  0  0  0  0  0  0  0  0  0
   -2.8579    4.9500    0.0000 C   0  0  0  0  0  0  0  0  0  0  0  0
  1  2  1  0  0  0  0
  2  3  1  0  0  0  0
  4  2  1  0  0  0  0
  4  5  1  1  0  0  0
  5  6  1  0  0  0  0
  6  7  2  0  0  0  0
  6  8  1  0  0  0  0
  8  9  1  0  0  0  0
  8 10  1  0  0  0  0
 10 11  1  0  0  0  0
 11 12  2  0  0  0  0
 12 13  1  0  0  0  0
 13 14  1  0  0  0  0
 14 15  2  0  0  0  0
 11 15  1  0  0  0  0
 14 16  1  0  0  0  0
 16 17  1  0  0  0  0
 16 18  1  0  0  0  0
  4 19  1  0  0  0  0
 19 20  2  0  0  0  0
 19 21  1  0  0  0  0
 22 21  1  1  0  0  0
 22 23  1  0  0  0  0
 24 23  1  0  0  0  0
 24 25  1  1  0  0  0
 24 26  1  0  0  0  0
 26 27  1  0  0  0  0
 27 28  1  0  0  0  0
 28 29  1  0  0  0  0
 29 30  2  0  0  0  0
 30 31  1  0  0  0  0
 31 32  2  0  0  0  0
 32 33  1  0  0  0  0
 28 33  2  0  0  0  0
 26 34  1  6  0  0  0
 34 35  1  0  0  0  0
 35 36  2  0  0  0  0
 35 37  1  0  0  0  0
 37 38  1  0  0  0  0
 38 39  1  0  0  0  0
 39 40  2  0  0  0  0
 40 41  1  0  0  0  0
 41 42  2  0  0  0  0
 42 43  1  0  0  0  0
 39 43  1  0  0  0  0
 22 44  1  0  0  0  0
 44 45  1  0  0  0  0
 45 46  1  0  0  0  0
 46 47  2  0  0  0  0
 47 48  1  0  0  0  0
 48 49  2  0  0  0  0
 49 50  1  0  0  0  0
 45 50  2  0  0  0  0
M  END
>  <Mol Weight>
720.95

>  <ID>
EN300-119505

>  <NAME>
(1,3-thiazol-5-yl)methyl N-[(2S,3S,5S)-3-hydroxy-5-[(2S)-3-methyl-2-{[methyl({[2-(propan-2-yl)-1,3-thiazol-4-yl]methyl})carbamoyl]amino}butanamido]-1,6-diphenylhexan-2-yl]carbamate

>  <URL>
https://www.enaminestore.com/catalog/EN300-119505

>  <Availability>
in stock

>  <Class>
Alcohols

>  <Subclass>
aliphatic_alcohols

> <Molecule name>


> <availability>
available

> <source>
enamine

> <id>


$$$$
