Row14070
  Mrv1808 09301915412D          

 40 41  0  0  1  0            999 V2000
    3.8641   -2.0445    0.0000 C   0  0  0  0  0  0  0  0  0  0  0  0
    4.1056   -1.2557    0.0000 O   0  0  0  0  0  0  0  0  0  0  0  0
    3.5431   -0.6521    0.0000 C   0  0  1  0  0  0  0  0  0  0  0  0
    2.7392   -0.8374    0.0000 C   0  0  0  0  0  0  0  0  0  0  0  0
    2.0956   -0.2042    0.0000 C   0  0  2  0  0  0  0  0  0  0  0  0
    2.4414    0.5448    0.0000 C   0  0  0  0  0  0  0  0  0  0  0  0
    1.2738   -0.1320    0.0000 C   0  0  0  0  0  0  0  0  0  0  0  0
    1.0885    0.6719    0.0000 C   0  0  0  0  0  0  0  0  0  0  0  0
    0.4414    1.1837    0.0000 C   0  0  0  0  0  0  0  0  0  0  0  0
   -0.3253    0.8791    0.0000 O   0  0  0  0  0  0  0  0  0  0  0  0
   -0.9724    1.3909    0.0000 C   0  0  0  0  0  0  0  0  0  0  0  0
    0.5611    1.9999    0.0000 C   0  0  0  0  0  0  0  0  0  0  0  0
   -0.0860    2.5117    0.0000 O   0  0  0  0  0  0  0  0  0  0  0  0
    1.3278    2.3044    0.0000 C   0  0  0  0  0  0  0  0  0  0  0  0
    2.0973    1.9475    0.0000 C   0  0  0  0  0  0  0  0  0  0  0  0
    2.9013    2.1328    0.0000 N   0  0  0  0  0  0  0  0  0  0  0  0
    3.1428    2.9217    0.0000 C   0  0  0  0  0  0  0  0  0  0  0  0
    2.5803    3.5252    0.0000 O   0  0  0  0  0  0  0  0  0  0  0  0
    3.9467    3.1069    0.0000 C   0  0  0  0  0  0  0  0  0  0  0  0
    4.1882    3.8958    0.0000 C   0  0  0  0  0  0  0  0  0  0  0  0
    4.9921    4.0811    0.0000 C   0  0  0  0  0  0  0  0  0  0  0  0
    5.5545    3.4775    0.0000 C   0  0  0  0  0  0  0  0  0  0  0  0
    5.3130    2.6887    0.0000 C   0  0  2  0  0  0  0  0  0  0  0  0
    6.1170    2.8740    0.0000 O   0  0  0  0  0  0  0  0  0  0  0  0
    6.3585    3.6628    0.0000 C   0  0  0  0  0  0  0  0  0  0  0  0
    5.8755    2.0851    0.0000 C   0  0  1  0  0  0  0  0  0  0  0  0
    6.6794    2.2704    0.0000 O   0  0  0  0  0  0  0  0  0  0  0  0
    7.2418    1.6668    0.0000 C   0  0  0  0  0  0  0  0  0  0  0  0
    8.0457    1.8521    0.0000 O   0  0  0  0  0  0  0  0  0  0  0  0
    7.0003    0.8779    0.0000 N   0  0  0  0  0  0  0  0  0  0  0  0
    5.6340    1.2962    0.0000 C   0  0  0  0  0  0  0  0  0  0  0  0
    4.8300    1.1109    0.0000 C   0  0  0  0  0  0  0  0  0  0  0  0
    4.5886    0.3221    0.0000 C   0  0  2  0  0  0  0  0  0  0  0  0
    5.1510   -0.2815    0.0000 C   0  0  0  0  0  0  0  0  0  0  0  0
    3.7846    0.1368    0.0000 C   0  0  1  0  0  0  0  0  0  0  0  0
    3.2222    0.7404    0.0000 O   0  0  0  0  0  0  0  0  0  0  0  0
    6.1964    0.6927    0.0000 C   0  0  0  0  0  0  0  0  0  0  0  0
    4.5091    2.5034    0.0000 C   0  0  0  0  0  0  0  0  0  0  0  0
    1.7958    1.0965    0.0000 C   0  0  0  0  0  0  0  0  0  0  0  0
    2.5647    0.7973    0.0000 O   0  0  0  0  0  0  0  0  0  0  0  0
  1  2  1  0  0  0  0
  3  2  1  1  0  0  0
  3  4  1  0  0  0  0
  5  4  1  0  0  0  0
  5  6  1  1  0  0  0
  5  7  1  0  0  0  0
  7  8  1  0  0  0  0
  8  9  2  0  0  0  0
  9 10  1  0  0  0  0
 10 11  1  0  0  0  0
  9 12  1  0  0  0  0
 12 13  2  0  0  0  0
 12 14  1  0  0  0  0
 14 15  2  0  0  0  0
 15 16  1  0  0  0  0
 16 17  1  0  0  0  0
 17 18  2  0  0  0  0
 17 19  1  0  0  0  0
 19 20  2  0  0  0  0
 20 21  1  0  0  0  0
 21 22  2  0  0  0  0
 23 22  1  6  0  0  0
 23 24  1  1  0  0  0
 24 25  1  0  0  0  0
 23 26  1  0  0  0  0
 26 27  1  1  0  0  0
 27 28  1  0  0  0  0
 28 29  2  0  0  0  0
 28 30  1  0  0  0  0
 26 31  1  0  0  0  0
 31 32  2  0  0  0  0
 33 32  1  0  0  0  0
 33 34  1  6  0  0  0
 35 33  1  0  0  0  0
 35  3  1  0  0  0  0
 35 36  1  6  0  0  0
 31 37  1  0  0  0  0
 19 38  1  0  0  0  0
 15 39  1  0  0  0  0
  8 39  1  0  0  0  0
 39 40  2  0  0  0  0
M  END
>  <Mol Weight>
560.644

>  <ID>
EN300-6477761

>  <NAME>
(4E,6Z,8S,9S,10E,12S,13R,14S,16R)-13-hydroxy-8,14,19-trimethoxy-4,10,12,16-tetramethyl-3,20,22-trioxo-2-azabicyclo[16.3.1]docosa-1(21),4,6,10,18-pentaen-9-yl carbamate

>  <URL>
https://www.enaminestore.com/catalog/EN300-6477761

>  <Availability>
in stock

>  <Class>
Alcohols

>  <Subclass>
aliphatic_alcohols

> <Molecule name>


> <availability>
available

> <source>
enamine

> <id>


$$$$
