Row13759
  Mrv1808 09301915412D          

 40 44  0  0  1  0            999 V2000
    2.0498    5.9538    0.0000 C   0  0  0  0  0  0  0  0  0  0  0  0
    2.7643    5.5413    0.0000 O   0  0  0  0  0  0  0  0  0  0  0  0
    2.7643    4.7163    0.0000 C   0  0  0  0  0  0  0  0  0  0  0  0
    3.4788    4.3038    0.0000 C   0  0  0  0  0  0  0  0  0  0  0  0
    3.4788    3.4788    0.0000 C   0  0  0  0  0  0  0  0  0  0  0  0
    2.7643    3.0663    0.0000 C   0  0  0  0  0  0  0  0  0  0  0  0
    2.0498    3.4788    0.0000 C   0  0  0  0  0  0  0  0  0  0  0  0
    2.0498    4.3038    0.0000 C   0  0  0  0  0  0  0  0  0  0  0  0
    2.7643    2.2413    0.0000 C   0  0  0  0  0  0  0  0  0  0  0  0
    2.7643    1.4163    0.0000 O   0  0  0  0  0  0  0  0  0  0  0  0
    3.4788    1.0038    0.0000 C   0  0  0  0  0  0  0  0  0  0  0  0
    3.4788    0.1788    0.0000 C   0  0  1  0  0  0  0  0  0  0  0  0
    4.1462   -0.3062    0.0000 O   0  0  0  0  0  0  0  0  0  0  0  0
    3.8913   -1.0908    0.0000 C   0  0  2  0  0  0  0  0  0  0  0  0
    3.0663   -1.0908    0.0000 C   0  0  0  0  0  0  0  0  0  0  0  0
    2.8113   -0.3062    0.0000 C   0  0  2  0  0  0  0  0  0  0  0  0
    2.0267   -0.0512    0.0000 O   0  0  0  0  0  0  0  0  0  0  0  0
    4.3762   -1.7582    0.0000 N   0  0  0  0  0  0  0  0  0  0  0  0
    5.1967   -1.6720    0.0000 C   0  0  0  0  0  0  0  0  0  0  0  0
    5.6816   -2.3394    0.0000 C   0  0  0  0  0  0  0  0  0  0  0  0
    6.5021   -2.2532    0.0000 C   0  0  0  0  0  0  0  0  0  0  0  0
    5.3460   -3.0931    0.0000 C   0  0  0  0  0  0  0  0  0  0  0  0
    5.8309   -3.7605    0.0000 O   0  0  0  0  0  0  0  0  0  0  0  0
    4.5255   -3.1793    0.0000 N   0  0  0  0  0  0  0  0  0  0  0  0
    4.0406   -2.5119    0.0000 C   0  0  0  0  0  0  0  0  0  0  0  0
    3.2201   -2.5981    0.0000 O   0  0  0  0  0  0  0  0  0  0  0  0
    1.9393    2.2413    0.0000 C   0  0  0  0  0  0  0  0  0  0  0  0
    1.5268    1.5268    0.0000 C   0  0  0  0  0  0  0  0  0  0  0  0
    0.7018    1.5268    0.0000 C   0  0  0  0  0  0  0  0  0  0  0  0
    0.2893    2.2413    0.0000 C   0  0  0  0  0  0  0  0  0  0  0  0
    0.7018    2.9557    0.0000 C   0  0  0  0  0  0  0  0  0  0  0  0
    1.5268    2.9557    0.0000 C   0  0  0  0  0  0  0  0  0  0  0  0
    3.5893    2.2413    0.0000 C   0  0  0  0  0  0  0  0  0  0  0  0
    4.0018    2.9557    0.0000 C   0  0  0  0  0  0  0  0  0  0  0  0
    4.8268    2.9557    0.0000 C   0  0  0  0  0  0  0  0  0  0  0  0
    5.2393    2.2413    0.0000 C   0  0  0  0  0  0  0  0  0  0  0  0
    6.0643    2.2413    0.0000 O   0  0  0  0  0  0  0  0  0  0  0  0
    6.4768    1.5268    0.0000 C   0  0  0  0  0  0  0  0  0  0  0  0
    4.8268    1.5268    0.0000 C   0  0  0  0  0  0  0  0  0  0  0  0
    4.0018    1.5268    0.0000 C   0  0  0  0  0  0  0  0  0  0  0  0
  1  2  1  0  0  0  0
  2  3  1  0  0  0  0
  3  4  1  0  0  0  0
  4  5  2  0  0  0  0
  5  6  1  0  0  0  0
  6  7  2  0  0  0  0
  7  8  1  0  0  0  0
  3  8  2  0  0  0  0
  6  9  1  0  0  0  0
  9 10  1  0  0  0  0
 10 11  1  0  0  0  0
 12 11  1  1  0  0  0
 12 13  1  0  0  0  0
 14 13  1  0  0  0  0
 14 15  1  0  0  0  0
 16 15  1  0  0  0  0
 12 16  1  0  0  0  0
 16 17  1  6  0  0  0
 14 18  1  1  0  0  0
 18 19  1  0  0  0  0
 19 20  2  0  0  0  0
 20 21  1  0  0  0  0
 20 22  1  0  0  0  0
 22 23  2  0  0  0  0
 22 24  1  0  0  0  0
 24 25  1  0  0  0  0
 18 25  1  0  0  0  0
 25 26  2  0  0  0  0
  9 27  1  0  0  0  0
 27 28  1  0  0  0  0
 28 29  2  0  0  0  0
 29 30  1  0  0  0  0
 30 31  2  0  0  0  0
 31 32  1  0  0  0  0
 27 32  2  0  0  0  0
  9 33  1  0  0  0  0
 33 34  1  0  0  0  0
 34 35  2  0  0  0  0
 35 36  1  0  0  0  0
 36 37  1  0  0  0  0
 37 38  1  0  0  0  0
 36 39  2  0  0  0  0
 39 40  1  0  0  0  0
 33 40  2  0  0  0  0
M  END
>  <Mol Weight>
544.604

>  <ID>
EN300-1718972

>  <NAME>
1-[(2R,4S,5R)-5-{[bis(4-methoxyphenyl)(phenyl)methoxy]methyl}-4-hydroxyoxolan-2-yl]-5-methyl-1,2,3,4-tetrahydropyrimidine-2,4-dione

>  <URL>
https://www.enaminestore.com/catalog/EN300-1718972

>  <Availability>
in stock

>  <Class>
Alcohols

>  <Subclass>
aliphatic_alcohols

> <Molecule name>


> <availability>
available

> <source>
enamine

> <id>


$$$$
