
     RDKit          2D

 49 56  0  0  0  0  0  0  0  0999 V2000
    9.6038    2.2700    0.0000 C   0  0  0  0  0  0  0  0  0  0  0  0
    9.7480    0.7769    0.0000 C   0  0  0  0  0  0  0  0  0  0  0  0
   11.1131    0.1553    0.0000 C   0  0  0  0  0  0  0  0  0  0  0  0
   11.2574   -1.3377    0.0000 N   0  0  0  0  0  0  0  0  0  0  0  0
   10.0365   -2.2092    0.0000 C   0  0  0  0  0  0  0  0  0  0  0  0
    8.6713   -1.5876    0.0000 C   0  0  0  0  0  0  0  0  0  0  0  0
    8.5271   -0.0945    0.0000 N   0  0  0  0  0  0  0  0  0  0  0  0
    7.1620    0.5271    0.0000 C   0  0  0  0  0  0  0  0  0  0  0  0
    7.0177    2.0202    0.0000 C   0  0  0  0  0  0  0  0  0  0  0  0
    5.6526    2.6418    0.0000 C   0  0  0  0  0  0  0  0  0  0  0  0
    4.4317    1.7703    0.0000 C   0  0  0  0  0  0  0  0  0  0  0  0
    4.5759    0.2773    0.0000 N   0  0  0  0  0  0  0  0  0  0  0  0
    5.9411   -0.3443    0.0000 C   0  0  0  0  0  0  0  0  0  0  0  0
    3.0665    2.3919    0.0000 N   0  0  0  0  0  0  0  0  0  0  0  0
    1.8456    1.5205    0.0000 C   0  0  0  0  0  0  0  0  0  0  0  0
    0.4805    2.1421    0.0000 C   0  0  0  0  0  0  0  0  0  0  0  0
   -0.7404    1.2707    0.0000 C   0  0  0  0  0  0  0  0  0  0  0  0
   -0.5962   -0.2224    0.0000 C   0  0  0  0  0  0  0  0  0  0  0  0
    0.7690   -0.8440    0.0000 N   0  0  0  0  0  0  0  0  0  0  0  0
    1.9899    0.0274    0.0000 C   0  0  0  0  0  0  0  0  0  0  0  0
    3.3550   -0.5942    0.0000 O   0  0  0  0  0  0  0  0  0  0  0  0
    0.9132   -2.3370    0.0000 C   0  0  0  0  0  0  0  0  0  0  0  0
   -2.1055    1.8923    0.0000 C   0  0  0  0  0  0  0  0  0  0  0  0
   -2.2498    3.3853    0.0000 C   0  0  0  0  0  0  0  0  0  0  0  0
   -3.6149    4.0069    0.0000 C   0  0  0  0  0  0  0  0  0  0  0  0
   -4.8358    3.1355    0.0000 N   0  0  0  0  0  0  0  0  0  0  0  0
   -4.6916    1.6425    0.0000 C   0  0  0  0  0  0  0  0  0  0  0  0
   -3.3264    1.0208    0.0000 C   0  0  0  0  0  0  0  0  0  0  0  0
   -3.1822   -0.4722    0.0000 C   0  0  0  0  0  0  0  0  0  0  0  0
   -4.4031   -1.3436    0.0000 O   0  0  0  0  0  0  0  0  0  0  0  0
   -5.9125    0.7710    0.0000 N   0  0  0  0  0  0  0  0  0  0  0  0
   -5.7682   -0.7220    0.0000 C   0  0  0  0  0  0  0  0  0  0  0  0
   -6.9891   -1.5935    0.0000 C   0  0  0  0  0  0  0  0  0  0  0  0
   -8.3543   -0.9719    0.0000 N   0  0  0  0  0  0  0  0  0  0  0  0
   -8.4985    0.5212    0.0000 C   0  0  0  0  0  0  0  0  0  0  0  0
   -9.9630    0.8454    0.0000 C   0  0  0  0  0  0  0  0  0  0  0  0
  -10.7239   -0.4473    0.0000 C   0  0  0  0  0  0  0  0  0  0  0  0
   -9.7297   -1.5704    0.0000 C   0  0  0  0  0  0  0  0  0  0  0  0
  -10.4906   -2.8631    0.0000 C   0  0  0  0  0  0  0  0  0  0  0  0
  -11.9551   -2.5389    0.0000 C   0  0  0  0  0  0  0  0  0  0  0  0
  -12.0994   -1.0459    0.0000 C   0  0  0  0  0  0  0  0  0  0  0  0
  -12.1244   -4.0293    0.0000 C   0  0  0  0  0  0  0  0  0  0  0  0
  -13.4551   -2.5263    0.0000 C   0  0  0  0  0  0  0  0  0  0  0  0
   -7.2776    1.3926    0.0000 C   0  0  0  0  0  0  0  0  0  0  0  0
   -7.4218    2.8857    0.0000 O   0  0  0  0  0  0  0  0  0  0  0  0
   12.6225   -1.9593    0.0000 C   0  0  0  0  0  0  0  0  0  0  0  0
   13.1483   -3.3642    0.0000 C   0  0  0  0  0  0  0  0  0  0  0  0
   14.5531   -2.8384    0.0000 O   0  0  0  0  0  0  0  0  0  0  0  0
   14.0273   -1.4336    0.0000 C   0  0  0  0  0  0  0  0  0  0  0  0
  2  1  1  1
  2  3  1  0
  3  4  1  0
  4  5  1  0
  5  6  1  0
  6  7  1  0
  7  8  1  0
  8  9  2  0
  9 10  1  0
 10 11  2  0
 11 12  1  0
 12 13  2  0
 11 14  1  0
 14 15  1  0
 15 16  2  0
 16 17  1  0
 17 18  2  0
 18 19  1  0
 19 20  1  0
 20 21  2  0
 19 22  1  0
 17 23  1  0
 23 24  2  0
 24 25  1  0
 25 26  2  0
 26 27  1  0
 27 28  2  0
 28 29  1  0
 29 30  1  0
 27 31  1  0
 31 32  1  0
 32 33  1  0
 33 34  1  0
 34 35  1  0
 35 36  2  0
 36 37  1  0
 37 38  2  0
 38 39  1  0
 39 40  1  0
 40 41  1  0
 40 42  1  0
 40 43  1  0
 35 44  1  0
 44 45  2  0
  4 46  1  0
 46 47  1  0
 47 48  1  0
 48 49  1  0
  7  2  1  0
 13  8  1  0
 20 15  1  0
 28 23  1  0
 44 31  1  0
 38 34  1  0
 41 37  1  0
 49 46  1  0
M  END

$$$$
